,date,region,confirmed,death,released,서울일일확진자
0,20200217,서울,14,0,3,0
1,20200218,서울,14,0,3,0
2,20200219,서울,15,0,5,1
3,20200220,서울,22,0,5,7
4,20200221,서울,27,0,6,5
5,20200222,서울,30,0,6,3
6,20200223,서울,31,0,6,1
7,20200224,서울,35,0,8,4
8,20200225,서울,41,0,8,6
9,20200226,서울,49,0,8,8
10,20200227,서울,56,0,9,7
11,20200228,서울,62,0,9,6
12,20200229,서울,77,0,11,15
13,20200301,서울,87,0,13,10
14,20200302,서울,91,0,13,4
15,20200303,서울,98,0,13,7
16,20200304,서울,99,0,13,1
17,20200305,서울,103,0,25,4
18,20200306,서울,105,0,25,2
19,20200307,서울,108,0,27,3
20,20200308,서울,120,0,28,12
21,20200309,서울,130,0,29,10
22,20200310,서울,141,0,31,11
23,20200311,서울,193,0,37,52
24,20200312,서울,212,0,38,19
25,20200313,서울,225,0,40,13
26,20200314,서울,238,0,44,13
27,20200315,서울,247,0,47,9
28,20200316,서울,253,0,52,6
29,20200317,서울,265,0,55,12
30,20200318,서울,270,0,55,5
31,20200319,서울,282,0,58,12
32,20200320,서울,299,0,64,17
33,20200321,서울,314,0,64,15
34,20200322,서울,324,0,64,10
35,20200323,서울,330,0,64,6
36,20200324,서울,334,0,72,4
37,20200325,서울,347,0,72,13
38,20200326,서울,360,0,80,13
39,20200327,서울,372,0,89,12
40,20200328,서울,390,0,93,18
41,20200329,서울,410,0,93,20
42,20200330,서울,426,0,92,16
43,20200331,서울,450,0,107,24
44,20200401,서울,474,0,117,24
45,20200402,서울,488,0,117,14
46,20200403,서울,506,0,131,18
47,20200404,서울,528,0,144,22
48,20200405,서울,552,0,145,24
49,20200406,서울,563,0,151,11
50,20200407,서울,567,0,164,4
51,20200408,서울,578,2,169,11
52,20200409,서울,590,2,174,12
53,20200410,서울,595,2,185,5
54,20200411,서울,599,2,195,4
55,20200412,서울,602,2,202,3
56,20200413,서울,610,2,214,8
57,20200414,서울,612,2,228,2
58,20200415,서울,617,2,239,5
59,20200416,서울,619,2,250,2
60,20200417,서울,621,2,268,2
61,20200418,서울,622,2,274,1
62,20200419,서울,624,2,288,2
63,20200420,서울,624,2,304,0
64,20200421,서울,626,2,315,2
65,20200422,서울,628,2,322,2
66,20200423,서울,628,2,342,0
67,20200424,서울,628,2,362,0
68,20200425,서울,629,2,383,1
69,20200426,서울,629,2,388,0
70,20200427,서울,629,2,393,0
71,20200428,서울,633,2,427,4
72,20200429,서울,633,2,437,0
73,20200430,서울,633,2,453,0
74,20200501,서울,634,2,455,1
75,20200502,서울,635,2,463,1
76,20200503,서울,637,2,473,2
77,20200504,서울,637,2,481,0
78,20200505,서울,637,2,489,0
79,20200506,서울,637,2,494,0
80,20200507,서울,637,2,508,0
81,20200508,서울,637,2,520,0
82,20200509,서울,649,2,536,12
83,20200510,서울,663,2,541,14
84,20200511,서울,683,2,545,20
85,20200512,서울,695,2,554,12
86,20200513,서울,707,3,558,12
87,20200514,서울,711,4,564,4
88,20200515,서울,725,4,569,14
89,20200516,서울,730,4,574,5
90,20200517,서울,735,4,575,5
91,20200518,서울,736,4,579,1
92,20200519,서울,742,4,587,6
93,20200520,서울,752,4,592,10
94,20200521,서울,756,4,596,4
95,20200522,서울,758,4,599,2
96,20200523,서울,762,4,604,4
97,20200524,서울,768,4,604,6
98,20200525,서울,774,4,607,6
99,20200526,서울,783,4,614,9
100,20200527,서울,802,4,618,19
101,20200528,서울,826,4,621,24
102,20200529,서울,846,4,623,20
103,20200530,서울,855,4,627,9
104,20200531,서울,861,4,627,6
105,20200601,서울,862,4,627,1
106,20200602,서울,876,4,638,14
107,20200603,서울,895,4,639,19
108,20200604,서울,909,4,644,14
109,20200605,서울,924,4,645,15
110,20200606,서울,947,4,650,23
111,20200607,서울,974,4,651,27
112,20200608,서울,996,4,651,22
113,20200609,서울,1015,4,664,19
114,20200610,서울,1027,4,665,12
115,20200611,서울,1048,4,675,21
116,20200612,서울,1073,4,680,25
117,20200613,서울,1101,4,688,28
118,20200614,서울,1113,4,689,12
119,20200615,서울,1120,4,689,7
120,20200616,서울,1132,4,703,12
121,20200617,서울,1145,5,710,13
122,20200618,서울,1170,6,718,25
123,20200619,서울,1188,6,724,18
124,20200620,서울,1202,6,730,14
125,20200621,서울,1219,6,733,17
126,20200622,서울,1224,6,733,5
127,20200623,서울,1230,6,743,6
128,20200624,서울,1241,6,747,11
129,20200625,서울,1250,7,761,9
130,20200626,서울,1267,7,843,17
131,20200627,서울,1284,7,911,17
132,20200628,서울,1298,7,923,14
133,20200629,서울,1305,7,942,7
134,20200630,서울,1312,7,985,7
135,20200701,서울,1321,7,1026,9
136,20200702,서울,1334,7,1054,13
137,20200703,서울,1346,7,1085,12
138,20200704,서울,1353,8,1103,7
139,20200705,서울,1369,8,1105,16
140,20200706,서울,1372,8,1110,3
141,20200707,서울,1375,8,1144,3
142,20200708,서울,1385,8,1160,10
143,20200709,서울,1393,9,1171,8
144,20200710,서울,1401,9,1182,8
145,20200711,서울,1409,9,1198,8
146,20200712,서울,1416,9,1209,7
147,20200713,서울,1429,9,1217,13
148,20200714,서울,1436,9,1244,7
149,20200715,서울,1442,9,1275,6
150,20200716,서울,1449,9,1286,7
151,20200717,서울,1458,9,1300,9
152,20200718,서울,1464,9,1318,6
153,20200719,서울,1474,10,1320,10
154,20200720,서울,1477,10,1322,3
155,20200721,서울,1498,10,1340,21
156,20200722,서울,1514,11,1346,16
157,20200723,서울,1526,11,1361,12
158,20200724,서울,1547,11,1368,21
159,20200725,서울,1558,11,1381,11
160,20200726,서울,1565,11,1383,7
161,20200727,서울,1574,11,1384,9
162,20200728,서울,1580,11,1400,6
163,20200729,서울,1589,11,1410,9
164,20200730,서울,1592,11,1417,3
165,20200731,서울,1600,11,1424,8
166,20200801,서울,1602,11,1434,2
167,20200802,서울,1607,11,1442,5
168,20200803,서울,1612,11,1449,5
169,20200804,서울,1621,11,1463,9
170,20200805,서울,1627,12,1475,6
171,20200806,서울,1636,12,1488,9
172,20200807,서울,1645,13,1502,9
173,20200808,서울,1662,13,1514,17
174,20200809,서울,1675,13,1515,13
175,20200810,서울,1688,13,1516,13
176,20200811,서울,1694,13,1534,6
177,20200812,서울,1709,13,1549,15
178,20200813,서울,1735,13,1556,26
179,20200814,서울,1767,13,1564,32
180,20200815,서울,1841,13,1571,74
181,20200816,서울,1987,13,1571,146
182,20200817,서울,2077,13,1571,90
183,20200818,서울,2209,14,1573,132
184,20200819,서울,2360,14,1588,151
185,20200820,서울,2495,15,1601,135
186,20200821,서울,2621,16,1622,126
187,20200822,서울,2749,16,1639,128
188,20200823,서울,2889,16,1639,140
189,20200824,서울,2986,16,1639,97
190,20200825,서울,3120,16,1671,134
191,20200826,서울,3232,17,1699,112
192,20200827,서울,3386,17,1733,154
193,20200828,서울,3532,19,1762,146
194,20200829,서울,3657,20,1887,125
195,20200830,서울,3773,22,1888,116
196,20200831,서울,3867,23,1899,94
197,20200901,서울,3961,23,2001,94
198,20200902,서울,4062,24,2048,101
199,20200903,서울,4131,24,2111,69
200,20200904,서울,4201,24,2176,70
201,20200905,서울,4251,25,2220,50
202,20200906,서울,4314,26,2225,63
203,20200907,서울,4362,28,2266,48
204,20200908,서울,4429,32,2437,67
205,20200909,서울,4478,32,2643,49
206,20200910,서울,4526,32,2762,48
207,20200911,서울,4589,34,2837,63
208,20200912,서울,4639,35,3071,50
209,20200913,서울,4670,38,3112,31
210,20200914,서울,4711,40,3276,41
211,20200915,서울,4743,42,3493,32
212,20200916,서울,4794,42,3694,51
213,20200917,서울,4857,43,3748,63
214,20200918,서울,4904,46,3841,47
215,20200919,서울,4944,46,3888,40
216,20200920,서울,4972,47,3961,28
217,20200921,서울,4995,48,3985,23
218,20200922,서울,5016,49,4034,21
219,20200923,서울,5056,49,4110,40
220,20200924,서울,5095,50,4173,39
221,20200925,서울,5152,52,4228,57
222,20200926,서울,5178,53,4316,26
223,20200927,서울,5212,53,4326,34
224,20200928,서울,5231,54,4330,19
225,20200929,서울,5242,54,4401,11
226,20200930,서울,5293,56,4415,51
227,20201001,서울,5323,57,4433,30
228,20201002,서울,5334,57,4445,11
229,20201003,서울,5360,59,4456,26
230,20201004,서울,5376,60,4466,16
231,20201005,서울,5395,61,4475,19
232,20201006,서울,5410,61,4584,15
233,20201007,서울,5443,61,4736,33
234,20201008,서울,5463,62,4809,20
235,20201009,서울,5485,62,4846,22
236,20201010,서울,5510,63,4847,25
237,20201011,서울,5533,64,4878,23
238,20201012,서울,5564,64,4894,31
239,20201013,서울,5584,65,4965,20
240,20201014,서울,5607,66,5050,23
241,20201015,서울,5632,66,5055,25
242,20201016,서울,5650,67,5091,18
243,20201017,서울,5668,68,5119,18
244,20201018,서울,5688,69,5132,20
245,20201019,서울,5702,69,5161,14
246,20201020,서울,5713,69,5217,11
247,20201021,서울,5730,71,5268,17
248,20201022,서울,5748,74,5283,18
249,20201023,서울,5768,74,5304,20
250,20201024,서울,5790,74,5350,22
251,20201025,서울,5807,74,5350,17
252,20201026,서울,5827,74,5368,20
253,20201027,서울,5851,76,5394,24
254,20201028,서울,5876,77,5434,25
255,20201029,서울,5912,78,5462,36
256,20201030,서울,5960,78,5475,48
257,20201031,서울,6011,78,5495,51
258,20201101,서울,6056,78,5496,45
259,20201102,서울,6081,78,5500,25
260,20201103,서울,6103,78,5545,22
261,20201104,서울,6145,78,5572,42
262,20201105,서울,6195,78,5606,50
263,20201106,서울,6235,78,5627,40
264,20201107,서울,6272,78,5639,37
265,20201108,서울,6326,78,5650,54
266,20201109,서울,6372,78,5673,46
267,20201110,서울,6407,79,5703,35
268,20201111,서울,6452,79,5735,45
269,20201112,서울,6505,79,5776,53
270,20201113,서울,6579,79,5826,74
271,20201114,서울,6648,80,5853,69
272,20201115,서울,6733,81,5874,85
273,20201116,서울,6813,81,5885,80
274,20201117,서울,6903,81,5923,90
275,20201118,서울,6995,82,5968,92
276,20201119,서울,7104,83,6012,109
277,20201120,서울,7236,84,6109,132
278,20201121,서울,7392,85,6136,156
279,20201122,서울,7513,85,6171,121
280,20201123,서울,7625,86,6172,112
281,20201124,서울,7758,87,6235,133
282,20201125,서울,7900,87,6258,142
283,20201126,서울,8112,88,6300,212
284,20201127,서울,8316,88,6364,204
285,20201128,서울,8494,91,6455,178
286,20201129,서울,8652,92,6529,158
287,20201130,서울,8811,93,6534,159
288,20201201,서울,8966,93,6620,155
289,20201202,서울,9159,93,6625,193
290,20201203,서울,9421,95,6719,262
291,20201204,서울,9716,97,6774,295
292,20201205,서울,9951,100,6887,235
293,20201206,서울,10205,101,6920,254
294,20201207,서울,10449,102,6952,244
295,20201208,서울,10660,104,7029,211
296,20201209,서울,10922,105,7217,262
297,20201210,서울,11172,105,7286,250
298,20201211,서울,11424,106,7431,252
299,20201212,서울,11786,109,7456,362
300,20201213,서울,12185,109,7490,399
301,20201214,서울,12404,112,7573,219
302,20201215,서울,12655,115,7664,251
303,20201216,서울,13033,120,7690,378
304,20201217,서울,13456,125,7921,423
305,20201218,서울,13854,126,7996,398
306,20201219,서울,14234,128,8031,380
307,20201220,서울,14707,130,8220,473
308,20201221,서울,15034,136,8370,327
309,20201222,서울,15350,144,8562,316
310,20201223,서울,15725,145,8864,375
311,20201224,서울,16044,147,9171,319
312,20201225,서울,16596,148,9320,552
313,20201226,서울,17061,155,9480,465
314,20201227,서울,17423,157,9589,362
315,20201228,서울,17722,159,9611,299
316,20201229,서울,18242,167,10010,520
317,20201230,서울,18630,172,10125,388
318,20201231,서울,18996,177,10441,366
319,20210101,서울,19353,182,10787,357
320,20210102,서울,19603,186,10852,250
321,20210103,서울,19801,189,11521,198
322,20210104,서울,20130,193,11721,329
323,20210105,서울,20329,204,12095,199
324,20210106,서울,20592,207,12429,263
325,20210107,서울,20889,213,12543,297
326,20210108,서울,21080,223,12805,191
327,20210109,서울,21268,223,13259,188
328,20210110,서울,21455,230,13800,187
329,20210111,서울,21596,239,15534,141
330,20210112,서울,21763,248,15938,167
331,20210113,서울,21915,250,16087,152
332,20210114,서울,22049,252,16304,134
333,20210115,서울,22176,254,16518,127
334,20210116,서울,22332,262,16885,156
335,20210117,서울,22477,265,17093,145
336,20210118,서울,22609,271,17211,132
337,20210119,서울,22710,277,17487,101
338,20210120,서울,22853,279,17762,143
339,20210121,서울,22978,285,17987,125
340,20210122,서울,23093,290,18156,115
341,20210123,서울,23220,294,18294,127
342,20210124,서울,23353,297,18454,133
343,20210125,서울,23455,301,18626,102
344,20210126,서울,23559,304,19028,104
345,20210127,서울,23688,307,19158,129
346,20210128,서울,23793,311,19329,105
347,20210129,서울,23904,317,19486,111
348,20210130,서울,24056,323,19594,152
349,20210131,서울,24156,324,20088,100
350,20210201,서울,24263,325,20330,107
351,20210202,서울,24391,326,20485,128
352,20210203,서울,24579,327,20693,188
353,20210204,서울,24751,329,20771,172
354,20210205,서울,24877,332,20911,126
355,20210206,서울,25020,333,21009,143
356,20210207,서울,25164,338,21092,144
357,20210208,서울,25276,339,21185,112
358,20210209,서울,25366,341,21318,90
359,20210210,서울,25541,343,21477,175
360,20210211,서울,25724,347,21548,183
361,20210212,서울,25882,351,21648,158
362,20210213,서울,26018,352,21726,136
363,20210214,서울,26170,355,21815,152
364,20210215,서울,26320,356,21887,150
365,20210216,서울,26481,359,22032,161
366,20210217,서울,26739,360,22430,258
367,20210218,서울,26924,362,22687,185
368,20210219,서울,27104,364,23078,180
369,20210220,서울,27227,365,23399,123
370,20210221,서울,27357,365,23553,130
371,20210222,서울,27463,369,23705,106
372,20210223,서울,27588,371,23975,125
373,20210224,서울,27732,372,24449,144
374,20210225,서울,27854,373,24652,122
375,20210226,서울,27985,375,24808,131
376,20210227,서울,28116,378,24946,131
377,20210228,서울,28236,380,25017,120
378,20210301,서울,28328,381,25087,92
379,20210302,서울,28450,381,25152,122
380,20210303,서울,28569,385,25251,119
381,20210304,서울,28687,388,25419,118
382,20210305,서울,28816,391,25546,129
383,20210306,서울,28944,393,25628,128
384,20210307,서울,29076,394,25708,132
385,20210308,서울,29176,396,25795,100
386,20210309,서울,29278,396,25969,102
387,20210310,서울,29416,398,26120,138
388,20210311,서울,29554,399,26213,138
389,20210312,서울,29694,400,26717,140
390,20210313,서울,29834,403,27197,140
391,20210314,서울,29946,404,27448,112
392,20210315,서울,30055,407,27526,109
393,20210316,서울,30134,409,27734,79
394,20210317,서울,30254,412,27987,120
395,20210318,서울,30378,412,28108,124
396,20210319,서울,30524,413,28186,146
397,20210320,서울,30644,413,28318,120
398,20210321,서울,30769,414,28386,125
399,20210322,서울,30873,415,28466,104
400,20210323,서울,30970,415,28608,97
401,20210324,서울,31107,417,28735,137
402,20210325,서울,31234,418,28926,127
403,20210326,서울,31355,420,29203,121
404,20210327,서울,31482,422,29318,127
405,20210328,서울,31620,423,29385,138
406,20210329,서울,31727,423,29439,107
407,20210330,서울,31872,424,29558,145
408,20210331,서울,32030,424,29694,158
409,20210401,서울,32229,425,29782,199
410,20210402,서울,32395,426,29898,166
411,20210403,서울,32550,427,29976,155
412,20210404,서울,32699,429,30101,149
413,20210405,서울,32851,429,30172,152
414,20210406,서울,32998,429,30303,147
415,20210407,서울,33196,431,30430,198
416,20210408,서울,33440,431,30541,244
417,20210409,서울,33655,434,30651,215
418,20210410,서울,33856,434,30783,201
419,20210411,서울,34070,434,31256,214
420,20210412,서울,34232,435,31305,162
421,20210413,서울,34390,437,31484,158
422,20210414,서울,34637,438,31733,247
423,20210415,서울,34854,440,31925,217
424,20210416,서울,35070,442,32153,216
425,20210417,서울,35287,443,32300,217
426,20210418,서울,35491,443,32377,204
427,20210419,서울,35628,443,32463,137
428,20210420,서울,35776,443,32643,148
429,20210421,서울,35994,443,32891,218
430,20210422,서울,36224,443,33062,230
431,20210423,서울,36428,444,33229,204
432,20210424,서울,36681,444,33500,253
433,20210425,서울,36856,444,33772,175
434,20210426,서울,37010,445,33806,154
435,20210427,서울,37126,445,34067,116
436,20210428,서울,37383,445,34212,257
437,20210429,서울,37610,447,34329,227
438,20210430,서울,37837,448,34477,227
439,20210501,서울,38032,450,34908,195
440,20210502,서울,38214,451,35051,182
441,20210503,서울,38341,451,35109,127
442,20210504,서울,38525,452,35359,184
443,20210505,서울,38763,452,35548,238
444,20210506,서울,38975,453,35668,212
445,20210507,서울,39154,457,35848,179
446,20210508,서울,39396,459,36271,242
447,20210509,서울,39591,462,36396,195
448,20210510,서울,39732,462,36525,141
449,20210511,서울,39895,464,36739,163
450,20210512,서울,40118,466,36890,223
451,20210513,서울,40345,468,37017,227
452,20210514,서울,40576,468,37170,231
453,20210515,서울,40830,468,37557,254
454,20210516,서울,41043,471,37721,213
455,20210517,서울,41238,472,37834,195
456,20210518,서울,41410,472,37960,172
457,20210519,서울,41659,474,38119,249
458,20210520,서울,41901,475,38270,242
459,20210521,서울,42073,479,38413,172
460,20210522,서울,42281,480,38863,208
461,20210523,서울,42462,480,39152,181
462,20210524,서울,42601,480,39276,139
463,20210525,서울,42739,480,39446,138
464,20210526,서울,43000,481,39680,261
465,20210527,서울,43218,482,39854,218
466,20210528,서울,43432,485,40056,214
467,20210529,서울,43626,486,40589,194
468,20210530,서울,43786,488,40679,160
469,20210531,서울,43916,488,40815,130
470,20210601,서울,44063,491,41032,147
471,20210602,서울,44321,492,41162,258
472,20210603,서울,44536,495,41394,215
473,20210604,서울,44742,496,41494,206
474,20210605,서울,45019,496,41611,277
475,20210606,서울,45198,497,41762,179
476,20210607,서울,45357,497,42096,159
477,20210608,서울,45496,498,42292,139
478,20210609,서울,45679,499,42426,183
479,20210610,서울,45892,499,42627,213
480,20210611,서울,46096,499,42775,204
481,20210612,서울,46302,499,43174,206
482,20210613,서울,46478,501,43296,176
483,20210614,서울,46600,501,43404,122
484,20210615,서울,46731,502,43645,131
485,20210616,서울,46932,503,43898,201
486,20210617,서울,47133,504,44082,201
487,20210618,서울,47333,505,44474,200
488,20210619,서울,47530,506,44617,197
489,20210620,서울,47695,507,44805,165
490,20210621,서울,47829,508,44929,134
491,20210622,서울,47960,509,45130,131
492,20210623,서울,48196,510,45267,236
493,20210624,서울,48448,510,45391,252
494,20210625,서울,48717,511,45710,269
495,20210626,서울,48980,512,45887,263
496,20210627,서울,49222,512,45998,242
497,20210628,서울,49407,513,46086,185
498,20210629,서울,49612,513,46151,205
499,20210630,서울,49987,513,46501,375
500,20210701,서울,50320,514,46593,333
501,20210702,서울,50666,515,46668,346
502,20210703,서울,51025,516,47048,359
503,20210704,서울,51314,516,47207,289
504,20210705,서울,51621,517,47397,307
505,20210706,서울,51941,518,47631,320
506,20210707,서울,52524,518,47939,583
507,20210708,서울,53074,518,48066,550
508,20210709,서울,53577,519,48267,503
509,20210710,서울,54086,521,48542,509
510,20210711,서울,54595,523,48819,509
511,20210712,서울,54998,523,48949,403
512,20210713,서울,55415,523,49080,417
