날짜,지역,누적확진자,세종월별확진자
2020-02,세종,1,1
2020-03,세종,46,45
2020-04,세종,46,0
2020-05,세종,47,1
2020-06,세종,50,3
2020-07,세종,50,0
2020-08,세종,67,17
2020-09,세종,76,9
2020-10,세종,82,6
2020-11,세종,100,18
2020-12,세종,149,49
2021-01,세종,196,47
2021-02,세종,226,30
2021-03,세종,270,44
2021-04,세종,357,87
2021-05,세종,480,123
2021-06,세종,560,80
