날짜,지역,누적확진자,인천월별확진자
2020-02,인천,6,6
2020-03,인천,64,58
2020-04,인천,93,29
2020-05,인천,206,113
2020-06,인천,341,135
2020-07,인천,383,42
2020-08,인천,718,335
2020-09,인천,916,198
2020-10,인천,1045,126
2020-11,인천,1409,364
2020-12,인천,2839,1430
2021-01,인천,3813,974
2021-02,인천,4431,618
2021-03,인천,5058,627
2021-04,인천,5665,607
2021-05,인천,6198,533
2021-06,인천,6767,569
