날짜,지역,누적확진자,제주월별확진자
2020-02,제주,2,2
2020-03,제주,9,7
2020-04,제주,13,4
2020-05,제주,15,2
2020-06,제주,19,4
2020-07,제주,26,7
2020-08,제주,45,19
2020-09,제주,59,14
2020-10,제주,59,2
2020-11,제주,80,21
2020-12,제주,416,336
2021-01,제주,522,106
2021-02,제주,570,48
2021-03,제주,625,55
2021-04,제주,707,82
2021-05,제주,1030,323
2021-06,제주,1264,234
